100.00
100.31
100.59
100.81
100.95
101.00
100.95
100.81
100.59
100.31
100.00
99.69
99.41
99.19
99.05
99.00
99.05
99.19
99.41
99.69
100.00
100.31
100.59
100.81
100.95
101.00
100.95
100.81
100.59
100.31
100.00
99.69
99.41
99.19
99.05
99.00
99.05
99.19
99.41
99.69
100.00
100.31
100.59
100.81
100.95
101.00
100.95
100.81
100.59
100.31
100.00
99.69
99.41
99.19
99.05
99.00
99.05
99.19
99.41
99.69
100.00
100.31
100.59
100.81
100.95
101.00
100.95
100.81
100.59
100.31
100.00
99.69
99.41
99.19
99.05
99.00
99.05
99.19
99.41
99.69
100.00
100.31
100.59
100.81
100.95
101.00
100.95
100.81
100.59
100.31
100.00
99.69
99.41
99.19
99.05
99.00
99.05
99.19
99.41
99.69
